

Train data statistics:
Epoch 1 with acc: 0.17498, loss 2.208659120360199 matrix:
[[1350  496   17  389    8   32   39 2024  180  465]
 [ 241 1343   26  351   14   74   94 1886  162  809]
 [ 597  688   79  555   89   90  293 2236   46  327]
 [ 340  728   52  690   66  241  274 2295   43  271]
 [ 294  705   73  604  140  170  316 2306   43  349]
 [ 371  692   58  648   70  287  199 2432   43  200]
 [ 148 1026   61  651   81  102  556 1993   19  363]
 [ 283  755   68  474   96  143  123 2722   36  300]
 [ 728  477    6  457    1   75   17 1825  430  984]
 [ 222 1098   27  427    8   21   91 1760  194 1152]]

Train data statistics:
Epoch 2 with acc: 0.3678, loss 1.7294352072842267 matrix:
[[2401  471  166   90   82  137   96  313  859  385]
 [ 323 2359   44   92   39   82  222  190  598 1051]
 [ 565  233  678  305  790  428  981  672  147  201]
 [ 138  165  335  866  362 1043 1102  551  131  307]
 [ 298  117  400  228 1262  425 1230  732  103  205]
 [ 133  147  315  593  425 1663  742  731   77  174]
 [  45  133  192  398  558  363 2771  250   34  256]
 [ 222  194  162  285  499  537  444 2275   74  308]
 [1186  653   71  144   18  146   82  137 1838  725]
 [ 265 1018   46  124   29   72  312  258  599 2277]]

Train data statistics:
Epoch 3 with acc: 0.449, loss 1.5216656935458281 matrix:
[[2490  412  252  110  159   65   69  182  914  347]
 [ 271 3022   45   73   56   33  115  125  442  818]
 [ 504  148 1328  385  862  415  566  457  173  162]
 [ 108  105  496 1311  302 1032  817  439   87  303]
 [ 262  105  655  262 1816  292  717  662   92  137]
 [  67   83  402  755  339 1933  507  694   54  166]
 [  38  113  282  476  659  252 2666  267   33  214]
 [ 113  109  211  290  447  540  293 2665   57  275]
 [ 972  498  119  104   35   66   40   76 2601  489]
 [ 229  941   61  172   25   64  204  219  467 2618]]

Train data statistics:
Epoch 4 with acc: 0.49418, loss 1.4032240315359465 matrix:
[[2631  327  279  109  165   50   69  128  918  324]
 [ 254 3218   59   61   59   24  115   79  390  741]
 [ 521  118 1532  429  826  418  510  330  181  135]
 [  93   93  461 1612  313 1017  671  371  119  250]
 [ 252  115  615  277 1912  313  737  588   78  113]
 [  67   68  407  902  311 2112  389  566   50  128]
 [  36  109  285  451  585  189 2898  211   51  185]
 [  84   84  186  284  428  522  252 2843   65  252]
 [ 764  390  112   98   37   44   48   45 3121  341]
 [ 227  846   49  127   33   68  200  194  426 2830]]

Train data statistics:
Epoch 5 with acc: 0.53276, loss 1.3070686301406549 matrix:
[[2809  299  316  103  153   52   60  128  780  300]
 [ 210 3381   65   46   53   24   94   75  340  712]
 [ 454  119 1920  374  726  423  468  251  158  107]
 [  93   74  457 1717  338 1053  595  333  131  209]
 [ 213   99  661  283 2055  272  652  569   93  103]
 [  67   62  418  954  267 2206  332  524   57  113]
 [  35  102  299  417  525  166 3062  162   62  170]
 [  84   63  169  284  416  490  227 2996   60  211]
 [ 631  347  111   91   35   44   46   32 3398  265]
 [ 217  789   52   98   30   55  162  166  337 3094]]

Train data statistics:
Epoch 6 with acc: 0.56344, loss 1.2212886445376339 matrix:
[[3032  269  309  101  120   50   64   90  670  295]
 [ 180 3578   49   44   43   16   95   64  319  612]
 [ 443  104 2096  394  652  412  428  253  130   88]
 [  97   63  446 1886  344 1012  548  292  138  174]
 [ 232   88  690  289 2123  245  586  568   76  103]
 [  60   49  413  950  283 2333  317  460   46   89]
 [  35   99  295  389  454  173 3237  118   57  143]
 [  77   52  174  298  402  471  168 3121   42  195]
 [ 555  303   97   84   36   44   50   31 3542  258]
 [ 220  718   53  101   41   58  145  150  290 3224]]

Train data statistics:
Epoch 7 with acc: 0.5905, loss 1.1529748451953032 matrix:
[[3197  233  316   92  127   40   51   85  605  254]
 [ 160 3677   52   51   36   19   83   53  292  577]
 [ 392   83 2318  370  601  399  398  225  137   77]
 [  94   75  459 2021  331  976  495  266  131  152]
 [ 233   79  598  308 2335  234  502  567   71   73]
 [  56   36  382  959  279 2429  301  411   62   85]
 [  38   86  281  377  435  151 3344  114   56  118]
 [  83   51  187  276  422  429  135 3207   46  164]
 [ 540  275   97   81   30   42   49   25 3627  234]
 [ 198  704   49   98   44   59  127  125  226 3370]]

Train data statistics:
Epoch 8 with acc: 0.61612, loss 1.0843799628165303 matrix:
[[3330  199  282   92  130   44   48   97  549  229]
 [ 162 3799   42   47   40   13   68   37  254  538]
 [ 386   77 2492  346  595  376  366  176  125   61]
 [ 106   66  432 2044  375  945  514  272  119  127]
 [ 200   58  565  310 2530  223  458  515   70   71]
 [  46   44  382  950  290 2515  260  388   46   79]
 [  36   84  282  349  382  125 3509   77   52  104]
 [  82   38  197  267  422  382   92 3350   37  133]
 [ 470  273   99   89   35   33   42   30 3721  208]
 [ 178  629   51   88   43   52  103  118  222 3516]]

Train data statistics:
Epoch 9 with acc: 0.62926, loss 1.045467730687589 matrix:
[[3399  159  286   89  137   40   54   80  519  237]
 [ 139 3882   46   37   40   22   66   34  238  496]
 [ 362   71 2537  352  565  376  367  190  117   63]
 [  98   61  461 2078  357  941  491  268  125  120]
 [ 213   42  484  290 2685  231  425  500   69   61]
 [  58   42  352  970  302 2526  266  375   42   67]
 [  47   86  244  361  376  146 3527   73   51   89]
 [  69   38  201  240  415  377   78 3426   33  123]
 [ 430  242   85   91   35   29   47   22 3796  223]
 [ 181  598   37   90   31   54  100  105  197 3607]]

Train data statistics:
Epoch 10 with acc: 0.64888, loss 0.988595264906786 matrix:
[[3458  168  296  105  121   31   44   75  482  220]
 [ 136 3955   41   53   32   16   54   34  217  462]
 [ 353   65 2699  314  510  353  330  192  115   69]
 [ 107   56  448 2112  339  999  462  245  117  115]
 [ 181   50  455  322 2857  216  347  450   60   62]
 [  44   29  330  990  281 2614  250  352   47   63]
 [  46   78  247  347  323  139 3649   44   50   77]
 [  73   31  189  221  369  364   71 3533   29  120]
 [ 438  217   77   81   38   30   29   24 3889  177]
 [ 171  551   51   79   40   41   86  110  193 3678]]

Train data statistics:
Epoch 11 with acc: 0.6663, loss 0.9461410498740722 matrix:
[[3572  139  285   86  119   42   48   57  457  195]
 [ 116 4000   41   49   31   16   62   33  186  466]
 [ 325   59 2787  313  531  312  342  160   99   72]
 [ 118   45  373 2253  375  929  458  238  107  104]
 [ 167   45  429  341 2952  197  328  430   56   55]
 [  44   36  304  916  291 2733  245  343   33   55]
 [  45   80  246  326  307  155 3665   48   49   79]
 [  67   29  181  230  365  317   56 3632   25   98]
 [ 387  223   67   73   34   23   35   24 3934  200]
 [ 169  504   38   75   34   50   77   97  169 3787]]

Train data statistics:
Epoch 12 with acc: 0.68362, loss 0.9014800464620396 matrix:
[[3623  148  273   89  117   36   44   56  431  183]
 [ 105 4064   47   35   27   17   51   22  188  444]
 [ 324   62 2930  313  475  291  304  158   81   62]
 [ 112   36  362 2385  351  921  408  219  112   94]
 [ 164   41  404  313 3076  186  302  393   63   58]
 [  47   29  292  921  279 2804  226  322   29   51]
 [  37   66  248  315  275  140 3763   45   45   66]
 [  62   24  175  210  371  301   54 3700   22   81]
 [ 369  204   73   67   32   22   33   18 3989  193]
 [ 165  478   45   90   30   37   64   91  153 3847]]

Train data statistics:
Epoch 13 with acc: 0.69876, loss 0.8550879289301074 matrix:
[[3694  116  264   95  105   38   38   53  417  180]
 [ 105 4123   36   35   32   19   46   23  172  409]
 [ 318   50 2974  296  449  300  285  174   93   61]
 [ 104   47  365 2452  336  913  387  216  100   80]
 [ 171   30  364  303 3219  185  251  381   48   48]
 [  42   23  292  882  277 2906  193  305   31   49]
 [  39   56  239  317  259  135 3824   33   42   56]
 [  50   20  176  198  372  290   42 3736   23   93]
 [ 348  202   75   64   38   12   32   18 4053  158]
 [ 157  433   35   82   24   42   55   75  140 3957]]

Train data statistics:
Epoch 14 with acc: 0.71288, loss 0.8217452715854255 matrix:
[[3767  117  229   88  107   44   49   53  379  167]
 [  89 4187   35   48   23   12   43   24  180  359]
 [ 307   47 3092  294  421  267  285  145   81   61]
 [ 106   45  345 2525  328  897  376  195   94   89]
 [ 135   35  365  291 3334  169  226  355   50   40]
 [  41   32  292  885  268 2945  186  275   30   46]
 [  30   58  222  283  259  136 3878   33   44   57]
 [  48   19  161  201  319  261   49 3842   21   79]
 [ 344  180   68   57   43   18   31   14 4089  156]
 [ 153  406   42   83   25   43   50   86  127 3985]]

Train data statistics:
Epoch 15 with acc: 0.72342, loss 0.7905352757293351 matrix:
[[3791  118  232   93  108   38   38   61  356  165]
 [  99 4180   28   45   24   21   35   21  155  392]
 [ 280   43 3161  305  414  254  254  141   92   56]
 [  92   42  329 2608  327  889  341  188   85   99]
 [ 127   27  333  275 3382  184  238  333   44   57]
 [  44   21  270  862  265 3021  177  271   26   43]
 [  35   63  199  280  218  118 3953   45   38   51]
 [  46   20  149  178  313  259   44 3890   15   86]
 [ 301  165   65   44   36   16   33   17 4169  154]
 [ 157  388   41   71   29   50   49   81  118 4016]]

Train data statistics:
Epoch 16 with acc: 0.73382, loss 0.75314547760146 matrix:
[[3852   95  224   96  109   41   31   42  346  164]
 [  77 4262   31   31   25   18   39   16  149  352]
 [ 271   37 3198  299  405  269  263  131   76   51]
 [  92   34  311 2699  329  846  342  202   67   78]
 [ 127   26  328  270 3442  185  207  334   42   39]
 [  55   15  271  848  258 3063  173  255   30   32]
 [  24   57  201  287  228  127 3950   40   40   46]
 [  52   22  148  182  291  222   43 3951   15   74]
 [ 313  147   63   41   39   21   38   15 4185  138]
 [ 140  378   37   68   22   31   42   68  125 4089]]

Train data statistics:
Epoch 17 with acc: 0.7451, loss 0.7253905963532779 matrix:
[[3922   92  214   81   88   36   33   52  324  158]
 [  80 4325   27   36   25   14   38   15  135  305]
 [ 288   45 3248  281  393  253  247  126   70   49]
 [  98   37  316 2769  315  826  315  178   59   87]
 [ 120   21  330  302 3535  142  188  278   46   38]
 [  40   20  245  837  239 3143  171  239   24   42]
 [  31   45  208  277  198  128 4010   28   40   35]
 [  46   15  139  176  295  239   38 3962   18   72]
 [ 283  153   58   49   25   11   32   17 4227  145]
 [ 126  352   39   76   27   31   38   63  134 4114]]

Train data statistics:
Epoch 18 with acc: 0.75402, loss 0.6986661373960729 matrix:
[[3927  101  222   92   88   33   30   45  311  151]
 [  78 4326   28   35   28   22   33   11  131  308]
 [ 232   32 3380  273  370  229  240  137   63   44]
 [  88   44  298 2829  292  796  311  197   76   69]
 [  97   18  306  282 3551  172  196  293   43   42]
 [  47   13  243  774  235 3213  162  250   25   38]
 [  25   39  189  251  220  120 4053   32   32   39]
 [  46   19  133  171  290  216   32 3996   20   77]
 [ 288  137   45   47   30   14   24   14 4272  129]
 [ 128  318   36   61   34   29   29   76  135 4154]]

Train data statistics:
Epoch 19 with acc: 0.76156, loss 0.6688719355330175 matrix:
[[3985   78  212   85   91   35   34   45  280  155]
 [  68 4344   28   40   19   14   31   19  125  312]
 [ 248   36 3375  274  361  238  257  113   66   32]
 [  89   26  286 2867  318  767  314  177   69   87]
 [ 106   23  305  253 3610  160  180  273   47   43]
 [  39   18  227  818  217 3254  150  217   25   35]
 [  32   41  191  237  184  119 4097   26   37   36]
 [  47   12  126  180  281  219   29 4032   14   60]
 [ 246  137   52   40   33   10   28    6 4321  127]
 [ 119  332   33   70   22   25   31   64  111 4193]]

Train data statistics:
Epoch 20 with acc: 0.77568, loss 0.6368835468073281 matrix:
[[4041   80  200   71   88   35   33   45  269  138]
 [  64 4398   27   39   19   12   41   13  105  282]
 [ 221   27 3465  242  370  240  221  111   66   37]
 [  87   43  277 2984  292  737  279  166   64   71]
 [  97   12  265  243 3702  174  170  265   34   38]
 [  46   15  200  753  226 3342  143  233   12   30]
 [  29   38  178  241  158   98 4154   31   34   39]
 [  28   17  124  166  247  179   37 4126   16   60]
 [ 256  133   45   41   30   13   23   12 4333  114]
 [ 107  297   27   69   24   31   38   52  116 4239]]

Train data statistics:
Epoch 21 with acc: 0.78144, loss 0.6173049553620572 matrix:
[[4089   79  181   73   77   30   34   37  268  132]
 [  50 4427   23   38   21   14   33   14  104  276]
 [ 215   28 3538  259  339  226  199  104   51   41]
 [  84   27  306 3002  281  740  278  153   53   76]
 [ 104   15  255  236 3757  145  167  257   31   33]
 [  39   18  203  756  212 3341  149  229   16   37]
 [  28   44  164  231  163  103 4171   29   29   38]
 [  38   14  118  153  234  211   27 4129   14   62]
 [ 246  117   42   44   33   14   22   11 4351  120]
 [ 107  286   27   67   24   30   31   60  101 4267]]

Train data statistics:
Epoch 22 with acc: 0.79068, loss 0.5916598413367661 matrix:
[[4095   73  180   82   77   38   31   38  264  122]
 [  67 4468   19   32   15   11   33   11  108  236]
 [ 203   20 3600  262  314  218  192   92   60   39]
 [  80   28  245 3124  259  739  275  133   62   55]
 [  92   14  266  239 3794  155  156  220   37   27]
 [  38   13  205  739  189 3410  143  211   22   30]
 [  20   29  166  217  166  116 4200   34   20   32]
 [  47   11  114  168  226  181   26 4164   10   53]
 [ 251  118   40   47   28   12   19    8 4365  112]
 [ 112  253   30   57   25   27   29   57   96 4314]]

Train data statistics:
Epoch 23 with acc: 0.79998, loss 0.5680911069621846 matrix:
[[4143   70  173   70   83   40   22   42  241  116]
 [  59 4477   21   34   24   16   36   10  106  217]
 [ 217   23 3644  240  286  191  201  106   64   28]
 [  81   41  276 3149  258  693  239  141   54   68]
 [  87   17  246  208 3868  154  152  211   26   31]
 [  32   14  183  710  201 3476  133  198   19   34]
 [  23   33  147  197  145  111 4258   29   26   31]
 [  32    9  105  160  223  150   25 4234   14   48]
 [ 217  108   48   43   25   14   25   10 4412   98]
 [ 107  249   28   56   24   23   22   56   97 4338]]

Train data statistics:
Epoch 24 with acc: 0.80668, loss 0.5431665436041598 matrix:
[[4187   79  171   60   75   33   19   32  248   96]
 [  48 4526   17   30   16   11   34   13   91  214]
 [ 186   22 3693  243  286  199  199   89   44   39]
 [  63   37  273 3220  260  644  253  148   53   49]
 [  75   17  231  221 3927  150  140  193   27   19]
 [  36   12  190  680  206 3516  119  193   16   32]
 [  32   29  158  219  150   93 4232   25   30   32]
 [  44   10  100  125  240  164   25 4219   14   59]
 [ 216   84   33   37   25   12   25   11 4448  109]
 [  95  233   26   58   24   25   33   51   89 4366]]

Train data statistics:
Epoch 25 with acc: 0.81638, loss 0.515739560735469 matrix:
[[4205   58  156   59   66   31   33   42  238  112]
 [  53 4537   22   31   13    9   27   12   88  208]
 [ 210   25 3726  219  276  188  174  100   48   34]
 [  74   29  253 3308  231  643  221  141   47   53]
 [  72   22  205  214 3941  131  153  206   30   26]
 [  39   11  176  647  162 3620  121  184   17   23]
 [  21   27  135  188  136  113 4302   32   24   22]
 [  36   13  103  144  195  150   28 4268   14   49]
 [ 194   94   36   41   21   13   18    8 4484   91]
 [  92  224   20   55   17   21   25   33   85 4428]]

Train data statistics:
Epoch 26 with acc: 0.8253, loss 0.491014085101838 matrix:
[[4282   55  163   63   66   29   26   33  201   82]
 [  47 4561   17   32   18   10   23   14   84  194]
 [ 167   17 3826  218  275  174  156   93   48   26]
 [  72   28  248 3359  200  593  245  149   49   57]
 [  69   11  219  202 4015  130  124  188   26   16]
 [  26   11  159  629  179 3655  132  162   19   28]
 [  24   24  133  197  128   87 4323   28   25   31]
 [  39    8   81  130  206  155   24 4305    6   46]
 [ 190   92   39   40   28   14   20   11 4484   82]
 [  79  205   24   48   22   25   17   48   77 4455]]

Train data statistics:
Epoch 27 with acc: 0.834, loss 0.47290708337511334 matrix:
[[4312   60  145   57   54   31   24   32  190   95]
 [  55 4587   14   32   14    9   16   15   70  188]
 [ 189   18 3876  231  257  148  131   81   41   28]
 [  58   26  243 3471  196  576  206  129   45   50]
 [  60   11  205  186 4041  139  121  194   20   23]
 [  26   10  154  601  179 3722  107  161   13   27]
 [  20   23  124  183  141   81 4360   23   20   25]
 [  26   12   79  132  186  145   21 4337   14   48]
 [ 174   72   39   27   22   10   23    7 4540   86]
 [  82  205   21   40   25   26   20   53   74 4454]]

Train data statistics:
Epoch 28 with acc: 0.83956, loss 0.45088726251709216 matrix:
[[4324   54  157   51   51   25   28   33  190   87]
 [  51 4613   16   27   11   13   23   10   61  175]
 [ 154   18 3928  233  237  149  144   76   40   21]
 [  60   27  239 3499  208  576  185  117   39   50]
 [  66   13  219  156 4084  128  114  173   30   17]
 [  29    7  146  585  174 3759  112  148   16   24]
 [  27   30  129  170  126   76 4371   20   22   29]
 [  24   10   81  114  177  133   26 4377   13   45]
 [ 186   65   42   34   19   13   24    6 4537   74]
 [  86  190   30   59   12   24   24   35   54 4486]]

Train data statistics:
Epoch 29 with acc: 0.84696, loss 0.43016743614357345 matrix:
[[4353   44  149   45   59   30   32   23  178   87]
 [  40 4631   16   28   12    9   24    4   62  174]
 [ 148   23 3991  213  208  135  141   85   32   24]
 [  59   20  198 3592  197  541  191  121   44   37]
 [  55   11  206  158 4130  113  114  169   25   19]
 [  25   10  159  573  149 3805  110  138   13   18]
 [  20   21  118  171  141   79 4382   29   23   16]
 [  32    6   82  121  189  130   18 4364   12   46]
 [ 171   67   28   28   19   12   16   10 4575   74]
 [  69  175   17   46   24   22   12   44   66 4525]]

Train data statistics:
Epoch 30 with acc: 0.85472, loss 0.4084336129682405 matrix:
[[4414   46  131   57   59   24   22   30  143   74]
 [  37 4657   10   25   13    9   19   11   59  160]
 [ 155   12 3982  193  219  171  123   74   42   29]
 [  56   24  191 3622  203  515  190  113   38   48]
 [  53   13  185  163 4181  118   98  158   16   15]
 [  18   12  149  523  144 3857  109  142   24   22]
 [  17   22  117  141  105   73 4462   21   22   20]
 [  26    6   78  119  159  120   21 4417   11   43]
 [ 161   63   43   27   20    5   22    6 4586   67]
 [  62  167   22   41   14   18   21   35   62 4558]]

Train data statistics:
Epoch 31 with acc: 0.86538, loss 0.38088778984181737 matrix:
[[4451   46  112   55   47   31   17   25  150   66]
 [  45 4657   13   24   12    9   16    8   59  157]
 [ 125   10 4119  189  193  135  119   61   35   14]
 [  55   20  199 3683  188  491  180   96   42   46]
 [  57    8  168  157 4247  105   83  134   24   17]
 [  19   10  136  492  152 3932   89  136   13   21]
 [  23   14   99  140  112   70 4495   12   18   17]
 [  24    6   70  101  149  111   19 4477   11   32]
 [ 139   64   27   27   22    7   19    9 4613   73]
 [  58  158   17   44   18   13   15   23   59 4595]]

Train data statistics:
Epoch 32 with acc: 0.86778, loss 0.36684057306574314 matrix:
[[4467   47   97   60   52   23   21   28  140   65]
 [  26 4715   13   23    8    8   16    6   56  129]
 [ 135   16 4062  171  209  150  131   68   34   24]
 [  57   21  197 3754  174  471  152   94   40   40]
 [  47   10  189  146 4233  121   89  128   20   17]
 [  23    8  126  490  159 3977   82  105   11   19]
 [  22   16  116  146  111   79 4451   20   21   18]
 [  22   12   70   93  121  110   26 4497   11   38]
 [ 151   48   29   25   19   12   19    6 4631   60]
 [  73  134   23   47   12   10   17   29   53 4602]]

Train data statistics:
Epoch 33 with acc: 0.8743, loss 0.3494943457142431 matrix:
[[4462   46  118   39   52   27   17   18  163   58]
 [  39 4695   10   22    8    6   16    8   46  150]
 [ 129   10 4148  170  168  128  122   64   37   24]
 [  55   14  185 3791  155  457  174   95   38   36]
 [  44    9  137  136 4311   98   99  131   22   13]
 [  22   10  130  465  115 4010   89  135   11   13]
 [  23   13   94  150   97   61 4520   16   17    9]
 [  24    8   59  106  108  109   25 4526   10   25]
 [ 160   47   31   31   14    5   11   11 4627   63]
 [  51  150   19   27   15   19    9   28   57 4625]]

Train data statistics:
Epoch 34 with acc: 0.87862, loss 0.3366703489909367 matrix:
[[4460   37  108   52   46   27   20   19  163   68]
 [  29 4732    9   18   12    6   13    7   56  118]
 [ 122   11 4192  184  166  118  104   51   29   23]
 [  54   18  181 3838  155  438  163   94   24   35]
 [  43    4  141  128 4343  105   77  133   12   14]
 [  19    9  115  471  111 4049   88  113    9   16]
 [  21   15  102  114   90   79 4520   22   28    9]
 [  21    9   65   82  128  111   20 4520   11   33]
 [ 131   62   27   26   13    5   17    5 4648   66]
 [  62  127   18   39   12   14   10   23   66 4629]]

Train data statistics:
Epoch 35 with acc: 0.88862, loss 0.30907731875777245 matrix:
[[4507   34  114   51   47   16   18   27  135   51]
 [  19 4760   13   19    5    9   17    2   46  110]
 [ 125   14 4226  156  161  117   97   52   32   20]
 [  52   12  161 3941  132  409  148   88   16   41]
 [  39    7  128  119 4359  108   81  135   15    9]
 [  26    6  103  400  121 4141   84   88    8   23]
 [  17   13   80  120   76   70 4575   13   13   23]
 [  18    5   56   82  128   86   15 4578    5   27]
 [ 146   44   24   25   16    9   16    7 4669   44]
 [  51  107   15   39    7   18   11   20   57 4675]]

Train data statistics:
Epoch 36 with acc: 0.89194, loss 0.30111165124238753 matrix:
[[4559   30   94   35   42   21   17   20  124   58]
 [  34 4758   16   15   10    5   14    6   30  112]
 [  97   13 4276  154  162  101   88   53   35   21]
 [  45   10  167 3972  144  369  149   69   42   33]
 [  38    4  134  123 4390   98   78  101   17   17]
 [  16    8  113  428  115 4131   67   91   12   19]
 [  19   11   84  126   78   64 4575   17   16   10]
 [  25    5   43   77  107   90   13 4608    5   27]
 [ 133   48   28   18   11   10   11    3 4673   65]
 [  64  111   15   38   11   15   13   25   53 4655]]

Train data statistics:
Epoch 37 with acc: 0.895, loss 0.2911212893621046 matrix:
[[4549   42   91   46   45   21   14   20  126   46]
 [  30 4745   17   15   12    7   16    5   51  102]
 [ 116   12 4281  145  151   83   98   64   33   17]
 [  44   19  163 3995  116  368  141   84   27   43]
 [  39    6  121  122 4416   87   65  117   13   14]
 [  22    9  108  358  113 4208   69   80    9   24]
 [  16   14   93   91   78   75 4595   11   13   14]
 [  18    6   61   81  101   97   16 4580    7   33]
 [ 121   44   23   27   20    8   16    4 4689   48]
 [  46  100   14   34   15   12   17   23   47 4692]]

Train data statistics:
Epoch 38 with acc: 0.90414, loss 0.26212946979367 matrix:
[[4581   35   86   38   40   18   12   25  110   55]
 [  19 4785   10   14    9    5   15    9   26  108]
 [  88   10 4358  145  137   94   86   37   28   17]
 [  43   10  142 4074  123  365  116   66   27   34]
 [  42   12  135   94 4444   74   77  104    9    9]
 [  18    8  107  351  117 4228   67   87    7   10]
 [  12   17   71  111   75   60 4620   13   14    7]
 [  17    5   38   60   97   81   14 4651   14   23]
 [  99   35   19   20   10    5   13    9 4746   44]
 [  52  101   14   26    6   14   11   20   36 4720]]

Train data statistics:
Epoch 39 with acc: 0.9076, loss 0.2544042705273142 matrix:
[[4620   34   75   36   37   14   12   20  107   45]
 [  23 4784    9   16    7    5   10   13   37   96]
 [ 105   11 4387  130  124   91   75   36   22   19]
 [  40   15  136 4108  117  338  118   77   19   32]
 [  35    9  118  112 4490   72   57   83   15    9]
 [  15    9  101  346  100 4264   78   63    9   15]
 [  11   11   87  110   67   61 4617   16   11    9]
 [  14    5   42   80   95   66   16 4653    3   26]
 [  96   46   27   15   11    8   11    7 4738   41]
 [  49   87   18   34   10    9   13   15   46 4719]]

Train data statistics:
Epoch 40 with acc: 0.91472, loss 0.23834916789616858 matrix:
[[4648   25   90   27   37   15   10   11   99   38]
 [  18 4814    7   10    4    4    9    6   43   85]
 [ 101    2 4444  112  120   80   72   33   22   14]
 [  26    9  130 4189  100  304  131   56   28   27]
 [  28    5  107   90 4522   76   60   92   13    7]
 [  16    8   85  323  103 4298   62   82    9   14]
 [   9   11   69  107   64   60 4643   15   13    9]
 [  20    9   38   72   80   68   19 4664    6   24]
 [  98   32   18   18   15    7   17    6 4754   35]
 [  37   89    9   24    8   14   14   15   30 4760]]

Train data statistics:
Epoch 41 with acc: 0.91382, loss 0.23888560749438345 matrix:
[[4619   23   70   53   32   13   15   27  101   47]
 [  22 4810    5   13    7    8   12    5   36   82]
 [  87    7 4416  141  112   78   75   39   29   16]
 [  41   10  126 4197  119  297  110   62   17   21]
 [  38    6  107   93 4522   77   55   83   13    6]
 [  20    7   93  304   90 4336   50   81    7   12]
 [  13   10   60   89   77   58 4658   10   10   15]
 [  11    4   53   58   87   80   14 4662    4   27]
 [ 113   34   22   17   11    5   10    6 4743   39]
 [  39   86   14   29    8   13   14   19   50 4728]]

Train data statistics:
Epoch 42 with acc: 0.91922, loss 0.22448680093702006 matrix:
[[4634   31   88   35   27   13   10   16  111   35]
 [  23 4815    6   13    7    5   12    8   37   74]
 [  89   10 4451  108  103   88   70   41   29   11]
 [  36   11  111 4259  100  256  108   65   30   24]
 [  28    7   93   83 4547   78   65   78   13    8]
 [  21    8   72  287   85 4389   58   64    9    7]
 [  10    9   62   87   62   54 4688    7   10   11]
 [  14    6   41   54   92   69   12 4682    6   24]
 [ 103   40   24   20   12    9    6    6 4735   45]
 [  30   84   11   34    9    6    6   22   37 4761]]

Train data statistics:
Epoch 43 with acc: 0.92414, loss 0.208382676070442 matrix:
[[4647   32   81   32   26    9    7   12  114   40]
 [  21 4824   10   15    5    2    8    7   35   73]
 [  71    9 4517  107  105   75   48   37   20   11]
 [  31   19  107 4311   91  246   92   64   15   24]
 [  19    5   89   76 4579   73   55   81    7   16]
 [  15    3   71  270   80 4425   53   64    9   10]
 [   7    8   63   85   50   44 4716   13    7    7]
 [  12    5   41   59   74   58   15 4707    5   24]
 [ 118   32   15   22   10    4   12   10 4731   46]
 [  39   82   18   27    5    9   11   16   43 4750]]

Train data statistics:
Epoch 44 with acc: 0.92964, loss 0.193181933645083 matrix:
[[4658   27   69   22   30   18   14   17  101   44]
 [  24 4834    6   13    5    3    5    5   25   80]
 [  76    8 4540   92   93   71   63   29   20    8]
 [  34    7   92 4342   82  261   94   50   16   22]
 [  23    2   80   77 4615   64   51   66   15    7]
 [  11    6   70  255   65 4478   55   51    4    5]
 [  10   10   52   81   62   50 4710   10    9    6]
 [   9    7   33   52   66   49   19 4745    5   15]
 [ 106   36   12   14    9    3    5    6 4780   29]
 [  33   81    9   24    8   10    8   16   31 4780]]

Train data statistics:
Epoch 45 with acc: 0.9307, loss 0.19044636725923236 matrix:
[[4684   35   66   26   24   13   19   15   85   33]
 [  23 4857   10   11   10    3    6    3   25   52]
 [  77    6 4554   91   85   59   62   34   19   13]
 [  31    7  100 4359   86  240   85   53   19   20]
 [  23    5   74   70 4616   62   56   78    9    7]
 [  12    9   61  250   67 4475   55   57    7    7]
 [  14   11   56   71   48   56 4704   16   11   13]
 [  15    5   34   48   87   64   13 4705    4   25]
 [  84   27   18   16   15    5    8    4 4791   32]
 [  41   63   12   21    6   13    9   15   30 4790]]

Train data statistics:
Epoch 46 with acc: 0.92776, loss 0.19749105075488285 matrix:
[[4674   25   69   32   26   12   17   17   76   52]
 [  27 4818   14    8    3    5   11    5   35   74]
 [  75    7 4523  107   90   68   64   36   24    6]
 [  26   12   99 4333   89  248  106   48   19   20]
 [  24   10   96   76 4579   73   45   67   10   20]
 [  11    8   52  251   67 4474   46   70    7   14]
 [  14   13   55   95   53   46 4692   13   11    8]
 [  18    8   35   53   73   55   11 4724    6   17]
 [  81   42   10   16   13    4    7    6 4792   29]
 [  33   75   12   22    7   13    7   13   39 4779]]

Train data statistics:
Epoch 47 with acc: 0.93304, loss 0.1854902063401378 matrix:
[[4712   18   76   29   30   12    7    8   83   25]
 [  24 4822    6    7    7    5    6    4   38   81]
 [  75    8 4556   87   94   68   50   30   20   12]
 [  29    8  103 4387   78  213   88   44   23   27]
 [  31    5   88   77 4614   59   43   66    6   11]
 [  17    1   77  207   63 4526   38   53   10    8]
 [   8   11   51   70   52   39 4736   10   12   11]
 [  11    6   36   47   64   48   17 4744    4   23]
 [  84   43   15   21   14    5    6    5 4768   39]
 [  29   86   15   18    6    9    7   12   31 4787]]

Train data statistics:
Epoch 48 with acc: 0.93768, loss 0.17467229722105726 matrix:
[[4721   19   52   26   27   14   11   11   81   38]
 [  16 4844    4    7    9    2    6    6   33   73]
 [  58   11 4598   94   81   64   45   26   17    6]
 [  28    6   86 4430   70  203   81   52   20   24]
 [  22    2   73   68 4651   63   43   62   10    6]
 [  13    5   63  200   67 4539   46   49    6   12]
 [  10    7   53   66   50   35 4751   11    6   11]
 [   6    7   29   53   63   47    9 4765    4   17]
 [  76   31   18   17   16    8   10    2 4789   33]
 [  34   66   11   25    6    5   13   13   31 4796]]

Train data statistics:
Epoch 49 with acc: 0.94168, loss 0.15799675935081073 matrix:
[[4729   17   73   21   23   14    7    8   74   34]
 [  19 4855    4   10    6    4    4    5   24   69]
 [  62    7 4591   81   91   49   51   35   23   10]
 [  19    9   81 4457   64  216   72   37   22   23]
 [  29    1   83   65 4671   39   44   53    7    8]
 [   8    0   61  189   67 4585   28   43   10    9]
 [  11    9   53   60   41   25 4785    6    5    5]
 [   7    7   30   37   56   57    7 4778    3   18]
 [  78   25    9   10    6    8    8    8 4825   23]
 [  25   67    7   16    8   10    5   14   40 4808]]

Train data statistics:
Epoch 50 with acc: 0.9334, loss 0.18510164046774105 matrix:
[[4676   34   62   23   31   12    9    9  104   40]
 [  31 4801   12   16    8    5   11   10   36   70]
 [  72   11 4552  100   79   63   50   37   21   15]
 [  33   14   99 4429   86  172   74   54   18   21]
 [  33    4   78   59 4635   70   42   58   10   11]
 [  13   12   66  189   60 4542   39   56   11   12]
 [  10    9   69   55   56   33 4736   12   10   10]
 [  10    9   31   50   61   52   11 4747    7   22]
 [  97   32   17   16   14    4    8    5 4771   36]
 [  36   72   14   33    4   12    8   14   26 4781]]